0|0|0|0|0|-1.66|-1.76|
-0.171539,0,0.985196,0,0,1,0,0,-0.985196,0,-0.171539,0,23.9572,0,0.0297569,1|
0|0|0|0|0|-1.66|-1.76|
0|0|0|0|0|-1.66|-1.76|
0.992442,0,0.122877,0,0,1,0,0,-0.122877,0,0.992442,0,21.3569,0,-0.292179,1|
0|0.04|0|0|0|0.08|0.28|
0.992442,0,0.122877,0,0,1,0,0,-0.122877,0,0.992442,0,21.3569,0,-0.292179,1|
0|0.04|0|0|0|-0.62|1.1|
0.992442,0,0.122877,0,0,1,0,0,-0.122877,0,0.992442,0,19.9079,0,-0.471579,1|
0|0.04|0|0|0|-0.62|1.1|
0|0.04|0|0|0|0.58|-1.08|
0.992442,0,0.122877,0,0,1,0,0,-0.122877,0,0.992442,0,17.6053,0,-0.756656,1|
0|0.04|0|0|0|0.58|-1.08|
0|0.04|0|0|0|-0.8|0.84|
0.992442,0,0.122877,0,0,1,0,0,-0.122877,0,0.992442,0,14.489,0,-1.14249,1|
0|0.04|0|0|0|-0.8|0.84|
0|0.04|0|0|0|1.24|-0.74|
0.992442,0,0.122877,0,0,1,0,0,-0.122877,0,0.992442,0,11.9285,0,-1.45951,1|
0|0.04|0|0|0|1.24|-0.74|
0|0.04|0|0|0|-1.16|1.42|
0.992442,0,0.122877,0,0,1,0,0,-0.122877,0,0.992442,0,8.85189,0,-1.84042,1|
0|0.04|0|0|0|-1.16|1.42|
0.992442,0,0.122877,0,0,1,0,0,-0.122877,0,0.992442,0,5.17986,0,-2.29507,1|
0|0.04|0|0|0|0.82|-1|
0|0.04|0|0|0|0.82|-1|
0|0.04|0|0|0|5.16|1.1|
0.992442,0,0.122877,0,0,1,0,0,-0.122877,0,0.992442,0,0.574934,0,-2.86524,1|
0|0.04|0|0|0|5.16|1.1|
0|0.04|0|0|0|6.65999|-1.24|
0.992442,0,0.122877,0,0,1,0,0,-0.122877,0,0.992442,0,-3.31544,0,-3.34693,1|
